# Ильина Анна, КН-402 (вариант 6)

### СЛАУ:
```
-0.14 * x1 +  1.21 * x2 + 1.56 * x3 =  4.91
 0.94 * x1 +  0.12 * x2 + -0.61 * x3 =  1.63
-0.26 * x1 + -0.50 * x2 + -0.24 * x3 = -2.26
```

#### Метод Гаусса
```
Получившиеся корни:
x1 = 1.9999999999999698
x2 = 2.999999999999997
x3 = 1.0000000000000029
```

#### Метод Гаусса с выбором главного элемента по всей матрице
```
Получившиеся корни:
x1 = 2.0000000000000004
x2 = 2.999999999999997
x3 = 1.0000000000000029
```

## Сравнение эффективности точных методов
> Оба метода дают результат достаточно близкий к исходному (x1 = 2, x2 = 3, x3 = 1) \
> При этои выбор главного элемента позволяет уменьшить погрешность вычислений (не сильно)

#### Метод Якоби
> При исходной записи матрицы сходимость метода не гарантируется, поменяю строчки местами, чтобы воспользоваться достаточным условием сходимости метода Якоби (теорема 4.7)
```
 0.94 * x1 +  0.12 * x2 + -0.61 * x3 =  1.63
-0.26 * x1 + -0.50 * x2 + -0.24 * x3 = -2.26
-0.14 * x1 +  1.21 * x2 + 1.56 * x3 =  4.91
```
```
Получившиеся корни:
x1 = 2.0020330771174963
x2 = 2.9975687750811435
x3 = 1.0023175742782087
Итераций потребовалось: 47
```
 
#### Метод Гаусса Зейделя
Рассуждения аналогичны рассуждениям для метода Якоби
```
Получившиеся корни:
x1 = 2.0008176564105304
x2 = 2.999083074708081
x3 = 1.000784584295318
Итераций потребовалось: 20
```

### Таким образом, метод Гаусса-Зейделя сходится быстрее

